$ANSIBLE_VAULT;1.1;AES256
35653331616130366233613239316463333263386465363736363834653331376339376135616638
6164643136356435393032343639386164643731616430640a383263393034383736636266326330
34373364653737393234363630353930306438663666636530383961303866316362663438653461
3835656163343764650a626363643638386363613035383233363161393034353763626633656437
33303562363135303730623339613135623764663930626261396635363538353039623538353131
34356134313261333530363235623463393033336531323231666535326639373261393831303538
65303462353565393164316439643938653833356139636131366132376633656239633135626637
36313937633036653133396133636533346664393236666631666432666130366133306235613037
64353562376535353432663135646263326231633163333263366365383834303634383561653366
65303632303835643734383661356330383435393138656637373536323536373235663830343138
33653933323163376161653462383536653162616466383138393665633266343463363666313265
66646663616631343037
