$ANSIBLE_VAULT;1.1;AES256
32376365356465396364343365636336643330343339333864633133343561343836623837356465
3736616262613365393534393632653733313163666639360a373166396634313732353730363164
31356239636266323530653535306533306633323631303563613966313137376161326661396266
3335376136336662390a306565376665333364623533383838636264326433373166643439393166
35663639636136376334626664653739336434663933386463383466613935353436633365376331
33666561663630306338653964376564313932646633323661373039653234316463323839336535
66303933373863333262363934356163336135363937663238383239323462396533356436393536
37653234613665626163323964333233633232353237326563656330626338663563353263646239
66613438626431623363653066633239383931356238303631373561666164613364613131326535
39333030386561353739386539646462396633653938623331623664353733333063633161366361
37623937616439646164613639653437373936326434653064356435643636663665316339373936
30636464656564336561353936386334356239613662623461323835646663623432643864366337
35313062626137303134626232366239393234633739363833323231366534383830643663313263
61616537366234366331636264346263613538386565373235306534353362326262383331626561
61306666303363336231386634383339353332393061303662636664663666353137346562333233
37303630396234643463636161363738376630623937663063343131396438373165343861303335
32323831363033396566663461643064643565333764373439356664653163643466353839653066
63386564363337313539663034316236663035666338306336353365393537373465306163636164
62653731363362313461643266623837323032633835393863616136343264626135613930396330
36636138393863353737373962376237366164643734373237643134623066623630316430643030
39396239613433636334396436396166633833653236663938356437646466666665333432666537
32303536616331303739626630326463353836336339666535653434343264316139613136653035
61313463393738383237623236633261343939613430383332386365646230646537333834653038
39366534353565626666
