$ANSIBLE_VAULT;1.1;AES256
39623561316635643639636636303233383862623132663265366465326261366361616664333563
3761313138363164643335306262636239363833376334310a393463623166326633663730663561
39323739623366363665393338303464616537663362303838373438333338323032313534346539
3066353734653533370a616264643664306434656236623936306534313338633561643033656135
38343632663738386131383137383637383937626231663839666331656439356463323764383039
36653137383735353235626366333666663464636237373639653631393535643034346436656530
33303766326161383862646537336434303434663830613838633265346132376263343735306162
61336338343532356334336163313361646661373062333037343530393965363961363463313231
35653066326238393234623332306538616431623062316462666333663230626665336533636637
61343532663832353562636439376336336265343633653336313732373637316632326433613039
63303762353930626463376132306137633938393032363563323761633863616561343530613534
37336665646538383432306439383736633832616130373339363533343363656631353561666561
65343165333936333463303132346266653262373466363461643737646361373965
