$ANSIBLE_VAULT;1.1;AES256
36363761313061656333333538356139623633623633643539353562646361353139393135316531
3933613066343632383161303266646165623732613830640a633062313031336535376139396239
38346361363433313031356438663764353235393232303366396436613036356462636634383237
6463376236653137300a303164623133393132633937323335376331386266323630636235623638
61316235623662316336313433633338393231323265666461616238623561653564646638373035
39376461393363333235353738653137336331373838376339353936323534663566383664366262
34633239646639343935333131353564643136343063623737613361616364313861343230336265
33376535373731323863363733363736386336376632646464666535343364373536306639336438
34373166323932313635663766303032306565393666363463376661313736373033333037373431
32643766633935306461636462373632663966333061306537383036323061646336616233613133
33633335353664316134663733643935616262333961313466303863376636616635393835616461
38363061653466383034373161353437643861636162356362376432623666616665323234323166
37376561393930306137363535656262366533626133613363646662313963346634626662346633
66383832363337356465633866333133643962643630646536626432356130313934326431306636
64396561653330333536396237346230666531343761393739376135656661643838663935366630
66333065373464623964393032623565366563633438326363643561346432636562623934303964
39343866383033616637353765386139336565653462616362356461396334313764653362626233
61646537623835623930376263653838343639306361343665386164616139666134336530623034
31363463343865616631333465323839656430376234336331373564633537323236643663636465
38386233356632633636623437663838656438313030623637666232386263316634303762343266
34333963313538636539633461373166313433343661373632326663616237613635333131383864
66663164623064623331393935323163353732393330623038353336653535323464386134393938
653762383039626535373237323838663938
