$ANSIBLE_VAULT;1.1;AES256
38333530653232663165623435613961363039326339353863303739643731376533363862613963
3231323431333066306361333435666335333731396662380a616635636132316130383933393532
30623966373235333363346532386264613363373336313636646638376338323231373837393337
6463643161346238610a363365646638383961313533376666636630326435383031356566356432
36623630623563393530323462396661363263643266343363366466396365326264643732643361
31633636323331313338353632636533306265373432333937633364393630386164323465356331
63633330363038646138643062616330653438303064313866343333633239303838313566386235
37356132343438353566376532333435393365323931313264393031323437383161613132356162
61306431623333313363343135613536336662623830363266626366303035386134323861633661
33363439336366313964313632346662343161386633313062623038613132343738666536376439
34303831643430636436386365343162626663353236313232323339386537363536306630666566
35643866316364643266373537663735393637313330656266393136633237376238323532666135
30343530333935643161323237383931366138346262356134343334306633383235363331633930
6636363532666237333132313765323866343438623334666461
